Voltage (mV) Electric Field(mV/nm) PMA Energy
-448.9       -155.9                645.5
-399.2       -138.6                675.7
-299.5       -104.0                718.8
-149.8       -52.0                749.6
20.0       6.9                789.8
20.0       6.9                770.5
149.8       52.0                781.8
299.5       104.0                794.3
448.9       155.9                799.6
597.7       207.6                809.6
745.2       258.8                807.0
890.2       309.2                781.0
1031.4       358.2                768.4
1167.1       405.3                752.8
