Voltage (mV) Electric Field(mV/nm) PMA Energy
-554.8       -232.7                1473.7
1564.9       656.2                1516.4
4863.7       2039.6                1563.8
4893.1       2051.9                1203.6
9324.8       3910.4                1393.2
9497.4       3982.8                1595.3
14009.9       5875.1                1472.7
14460.0       6063.9                1600.5
17625.5       7391.3                1534.0
18101.2       7590.8                1585.5
19525.1       8188.0                1564.0
