Voltage (mV) Electric Field(mV/nm) PMA Energy
1187.2       500.7                924.0
1251.4       527.8                699.8
2653.2       1118.9                929.6
2669.4       1125.7                762.8
4243.3       1789.5                808.3
4328.5       1825.4                921.2
5538.7       2335.8                843.2
5663.5       2388.4                900.5
6225.0       2625.2                878.7
Voltage (mV) Electric Field(mV/nm) PMA Energy
1187.2       500.7                924.0
1251.4       527.8                699.8
2653.2       1118.9                929.6
2669.4       1125.7                762.8
4243.3       1789.5                808.3
4328.5       1825.4                921.2
5538.7       2335.8                843.2
5663.5       2388.4                900.5
6225.0       2625.2                878.7
