Voltage (mV) Electric Field(mV/nm) PMA Energy
-437.9       -184.2                624.6
-389.8       -163.9                649.1
-293.0       -123.2                673.4
-146.7       -61.7                701.2
19.6       8.2                728.5
146.7       61.7                744.0
292.9       123.2                760.0
437.7       184.1                779.1
579.6       243.7                784.1
715.9       301.1                786.3
843.7       354.8                784.3
Voltage (mV) Electric Field(mV/nm) PMA Energy
-437.9       -184.2                624.6
-389.8       -163.9                649.1
-293.0       -123.2                673.4
-146.7       -61.7                701.2
19.6       8.2                728.5
146.7       61.7                744.0
292.9       123.2                760.0
437.7       184.1                779.1
579.6       243.7                784.1
715.9       301.1                786.3
843.7       354.8                784.3
