Magnetic Field (Oe) Normalized Magnetization
7020.8              1.0
6829.4              1.00119606986
6631.0              0.996633654651
6428.3              0.995288034483
6222.7              0.99146780262
6013.2              0.988546574614
5803.7              0.986589056365
5595.2              0.982078999359
5382.7              0.976692237972
5169.9              0.9718658364
4956.3              0.962335251813
4742.4              0.953684576391
4526.6              0.944165489191
4312.2              0.936819221652
4095.5              0.922531964861
3880.7              0.906181806013
3662.3              0.885359355081
3443.6              0.864818840945
3225.5              0.832351869143
3004.6              0.79069694476
2782.2              0.739654781735
2559.4              0.676734006025
2337.8              0.618167627516
2111.0              0.551176694033
1886.48              0.494301077013
1658.92              0.435407835165
1431.36              0.377026325001
1201.89              0.319476092384
970.3              0.258417812676
783.76              0.201507869346
599.89              0.150066161985
413.79              0.109279365516
226.2              0.0662734198029
176.0              0.0552201473526
129.386              0.0487080998979
83.529              0.0390906775286
37.877              0.0206944859169
26.684              0.0210168683777
16.979              -0.000272933887006
7.4159              -0.00424223525055
3.3476              -0.00285377666307
