Magnetic Field (Oe) Normalized Magnetization
4390.9              1.0
4238.1              0.999222071463
4079.2              0.999464539367
3917.8              0.993826669311
3754.3              0.992806218705
3589.7              0.996722079008
3421.8              0.995484794374
3254.8              0.990739908899
3085.0              0.98627577138
2913.6              0.98667123289
2741.7              0.984018407708
2566.7              0.981888815288
2393.7              0.976660020185
2215.0              0.969544556604
2039.1              0.963488543504
1862.0              0.948534207019
1681.68              0.922265124859
1503.07              0.877151149922
1320.37              0.815054804674
1139.97              0.744406561092
956.88              0.667743344489
773.29              0.577781842005
591.24              0.473905790218
407.6              0.346660211974
222.23              0.213777900011
130.565              0.1245859148
84.704              0.0721474001053
39.423              0.0291704599793
29.458              0.0198013058341
20.163              0.0112491294915
10.8421              0.00321925253854
6.9955              0.000269613134706
3.252              -0.00628573492921
