Magnetic Field (Oe) Normalized Magnetization
7019.2              1.0
6827.7              0.998469900242
6629.5              0.99514838585
6427.1              0.990122758296
6221.0              0.988947866537
6012.0              0.985292859653
5802.5              0.979438103253
5594.0              0.976691811521
5381.5              0.972222636342
5169.0              0.965236932662
4955.0              0.956752308169
4741.2              0.946683815207
4526.0              0.936404352766
4311.3              0.920534628412
4094.6              0.902339615502
3880.1              0.877859679769
3661.5              0.84702359419
3442.7              0.813471309462
3224.8              0.766139077779
3003.8              0.717991193548
2781.8              0.671218363465
2558.7              0.617266496658
2337.3              0.561870161399
2110.2              0.506487676322
1885.95              0.44197468829
1658.18              0.383422446342
1430.33              0.329513086829
1200.84              0.271913406354
970.32              0.219832369581
783.33              0.174120137579
598.99              0.132488861439
413.56              0.0894837211423
225.77              0.0438015796585
175.751              0.0332460181646
129.046              0.0214998382677
83.296              0.0113809606182
37.592              0.00264448771072
26.464              -0.00106551374432
16.7674              -0.000377412040898
7.2484              0.00051131221567
3.1683              -0.000399701378686
