Magnetic Field (Oe) Normalized Magnetization
7019.1              1.0
6827.6              0.997716422406
6629.5              0.995313018071
6426.9              0.99136863425
6221.3              0.988718411383
6012.0              0.98492776338
5802.2              0.97957084401
5593.7              0.974863415327
5381.6              0.970116739572
5168.7              0.9614718423
4955.2              0.950978812281
4741.2              0.944528510385
4525.7              0.930343479417
4311.5              0.915426514158
4094.7              0.89483947987
3879.7              0.868371632234
3661.8              0.834365680069
3442.8              0.794538651932
3224.4              0.751077006829
3004.0              0.703274597201
2781.4              0.652871654464
2558.5              0.600207572458
2337.2              0.547365467637
2110.3              0.490004661143
1885.96              0.430664577639
1658.17              0.373512585656
1430.39              0.321135640315
1201.39              0.268626174956
970.08              0.217176965596
783.6              0.172333321957
599.22              0.13090166372
413.18              0.0881690547008
226.06              0.0432554804785
175.643              0.032389899017
129.036              0.0220345262659
83.338              0.0117322535528
37.634              -0.00070813320327
26.455              -0.000722964715997
16.7888              -0.00154693607766
7.3414              -0.000568606979133
3.2549              0.000735832453675
