Magnetic Field (Oe) Normalized Magnetization
4391.8              1.0
4238.9              0.999520673598
4079.9              0.99871981473
3918.5              0.99737979584
3755.3              0.99630660419
3590.7              0.994437942514
3422.5              0.993141572644
3255.4              0.991354719875
3085.6              0.98981852097
2914.1              0.986871413605
2742.3              0.984937739942
2567.2              0.981277398024
2394.3              0.976832953291
2216.4              0.971783537773
2039.7              0.964828549231
1862.53              0.953556379214
1682.2              0.935000017708
1503.61              0.899857044305
1320.94              0.838835808256
1140.53              0.76408725048
958.06              0.68013079174
773.77              0.588964329485
591.68              0.481749315433
408.02              0.360954719132
222.59              0.210834677703
130.909              0.121513947956
84.805              0.0742271872751
39.945              0.0282793487606
29.786              0.0186279609919
20.438              0.011286466879
11.116              0.00523548031576
7.242              0.00161906035378
3.5105              -0.00115987501593
