Magnetic Field (Oe) Normalized Magnetization
4392.8              1.0
4239.3              0.999512503981
4080.4              0.998769050863
3919.5              0.996962590975
3755.7              0.995717671697
3591.1              0.994529496102
3423.0              0.993264046478
3256.3              0.99051684974
3085.8              0.9892949461
2914.5              0.987501581836
2742.6              0.984309337162
2567.6              0.981415481926
2394.6              0.978031430653
2216.7              0.974032344733
2039.9              0.967909963897
1862.97              0.958592872667
1682.45              0.943061175035
1503.99              0.915593677742
1321.17              0.863725668548
1140.86              0.789355698014
958.26              0.704090420991
774.14              0.608990527565
591.95              0.502317775871
408.37              0.374827151106
222.73              0.221167299793
130.994              0.129042963462
85.242              0.080342331205
40.143              0.0298615752338
29.973              0.0206905185115
20.602              0.0119722082236
11.301              0.00478141275971
7.4095              0.00282812221251
3.6934              -0.000666951062065
