Magnetic Field (Oe) Normalized Magnetization
4391.7              1.0
4238.7              0.999232171859
4079.7              0.997392332341
3918.4              0.997497497354
3755.1              0.996733587165
3590.4              0.99455710348
3422.4              0.993058899041
3255.3              0.990869400733
3085.4              0.988731185876
2914.1              0.986220924036
2742.2              0.982145848718
2567.0              0.978513763901
2394.2              0.975822469034
2216.2              0.970182747748
2039.5              0.96153199304
1862.42              0.952169037568
1682.08              0.929174333728
1503.46              0.889796666929
1320.75              0.82570102816
1140.34              0.752933223657
957.86              0.670113665818
773.58              0.576889273787
591.5              0.470474184311
407.85              0.350515939364
222.47              0.205033173839
130.749              0.119064978811
84.591              0.0728893300551
39.826              0.0261783999611
29.654              0.016024974456
20.344              0.0099699194158
11.0561              0.00286226817216
7.1964              0.000666526294813
3.4817              -0.00378753680128
