Magnetic Field (Oe) Normalized Magnetization
4391.2              1.0
4238.2              0.999344533819
4079.3              0.996513152165
3917.4              0.997831146383
3754.7              0.996558121588
3590.1              0.994253554163
3422.0              0.991523810188
3254.9              0.98940346179
3085.0              0.987596978202
2913.7              0.982532849224
2741.7              0.979244455698
2566.7              0.981746237323
2393.8              0.975095343867
2215.7              0.969986961313
2039.1              0.960697663929
1862.08              0.948802442175
1680.74              0.924200539908
1503.06              0.87336070592
1320.4              0.818832713889
1139.96              0.745257772004
957.48              0.664025754638
773.24              0.574038577359
591.15              0.47150942647
406.69              0.355253077888
222.13              0.211366471806
130.519              0.126679604559
84.645              0.0768347364935
39.711              0.0266042774617
29.545              0.0194553753165
20.243              0.0125029070236
10.8284              0.00562280445576
7.0454              0.00672411526521
3.3256              0.00404363960261
