Magnetic Field (Oe) Normalized Magnetization
7019.1              1.0
6827.7              0.998800556905
6629.5              0.995308525044
6426.9              0.994868145341
6221.6              0.989502973646
6012.0              0.987790217657
5802.2              0.982031324945
5594.0              0.97926538274
5381.5              0.968990797066
5168.9              0.965663141091
4955.0              0.954153405986
4741.4              0.945502424227
4526.0              0.934946857693
4311.4              0.916616552722
4094.6              0.899353120591
3880.0              0.874995302165
3661.8              0.841894777814
3442.8              0.806250259677
3224.7              0.761745301781
3003.9              0.717468400655
2781.2              0.659767127683
2558.7              0.608691272894
2337.2              0.553010948031
2110.0              0.501749662925
1885.68              0.435798442408
1658.27              0.374687077255
1430.18              0.326224767091
1201.09              0.271939249146
970.06              0.218076435662
783.37              0.17372987356
598.87              0.130629654598
413.29              0.0934214691945
225.75              0.0466347369476
175.491              0.0330189350963
129.237              0.0225380919758
83.445              0.0114269588554
37.714              0.0029713297928
26.67              0.00112596453391
17.0723              -0.00131169980334
7.5436              0.000704685870408
3.5044              -0.000741104575548
