Magnetic Field (Oe) Normalized Magnetization
7019.1              1.0
6827.7              0.998074323375
6629.5              0.99740319843
6426.9              0.990675163777
6221.3              0.987815822668
6011.8              0.98451020834
5802.5              0.978266362598
5593.9              0.975123796293
5381.6              0.967083258614
5168.8              0.959072042063
4955.0              0.953157773606
4741.5              0.943967312584
4525.9              0.930500786019
4311.5              0.912319701426
4094.7              0.892451051149
3879.7              0.867171544443
3661.9              0.838696238855
3442.8              0.797471650624
3224.5              0.753213520705
3004.0              0.70566621168
2781.5              0.655399469561
2558.9              0.600653028544
2337.1              0.549920714474
2110.5              0.489032058842
1885.69              0.434164701838
1658.01              0.376968501253
1430.82              0.321738897385
1201.39              0.268981204168
970.0              0.214804933801
783.05              0.175102060422
599.43              0.128516566516
413.41              0.0860768658667
226.0              0.0443447963042
175.62              0.0319977471816
128.983              0.0208245549016
83.294              0.00985993635727
37.579              0.000143279494398
26.415              -0.00125265189002
16.7809              -0.00131097893973
7.2549              -0.00108376536126
3.1522              0.000287088222002
