Magnetic Field (Oe) Normalized Magnetization
4392.7              1.0
4239.2              0.998672129564
4080.4              0.997647662672
3919.3              0.996642087349
3755.6              0.994990451004
3591.0              0.994269402643
3422.5              0.992344318851
3256.2              0.991243966494
3085.5              0.988989227362
2914.4              0.986515498804
2742.5              0.983793665471
2567.4              0.981014293509
2394.4              0.976998627614
2216.4              0.97167372237
2039.9              0.965161182813
1862.89              0.955542124993
1682.56              0.938572886527
1503.77              0.907973667593
1321.16              0.851938689725
1140.01              0.777060954722
958.22              0.693547376677
773.99              0.600089844345
591.7              0.493617433571
408.17              0.368417135362
222.76              0.220174412264
131.09              0.127670591817
84.971              0.0784357268501
40.058              0.0323836844784
29.867              0.0231183711783
20.587              0.0148746193762
11.2507              0.00712382642716
7.4091              0.00445164739407
3.6659              0.001620637584
