Magnetic Field (Oe) Normalized Magnetization
4391.2              1.0
4238.5              0.999534744514
4079.6              0.999144546971
3918.1              0.999054319576
3754.7              0.998611581414
3590.1              0.996662453213
3422.2              0.996722146473
3255.1              0.995462456633
3085.3              0.995034740931
2913.8              0.993205248273
2741.2              0.991959808868
2566.9              0.990062608171
2394.0              0.987918017344
2216.0              0.983755788455
2039.4              0.979443847705
1862.27              0.972987856321
1681.93              0.963067770795
1502.61              0.944541635518
1320.59              0.907896344983
1140.19              0.843022024751
957.69              0.757240906554
773.46              0.659451036956
591.45              0.54413377309
407.75              0.408553886949
221.77              0.241874141292
130.625              0.137988363493
84.761              0.0853554206795
39.733              0.0321744365014
29.566              0.0218491151842
20.26              0.0130860594387
10.9422              0.00431081009013
7.067              0.00101477538158
3.3748              -0.00264116383836
